-2.381244729936620175e-01
-3.972298066208190814e-02
3.161102761242773895e-01
6.216928320376330364e-01
8.232658923896981618e-01
1.171550660653676745e+00
1.569577667809343824e+00
1.697757055431222017e+00
1.607909320942185527e+00
1.438198126703436719e+00
1.387683550657597742e+00
1.439536424453048413e+00
1.257736457050705692e+00
8.197346320298980471e-01
4.599916684814430168e-01
4.650768586475552135e-01
4.382938011628236818e-01
4.155147398260853331e-01
3.474303207148238259e-01
3.040085618439583026e-01
2.354287830482122978e-01
6.065397158648017095e-02
5.551387137302388197e-02
2.159795452957766482e-01
4.516455591136827596e-01
9.025877184424894173e-01
1.442090106857890852e+00
1.802998908322448468e+00
1.738054458726750573e+00
1.307660893702224048e+00
7.495021233411182093e-01
1.280473758742584067e-01
-5.074900179374080000e-01
-9.203539584785382921e-01
-8.397918258887546727e-01
-4.384510023705875392e-01
-2.040746485644995278e-02
2.237564637821720659e-01
3.248915071210458638e-01
1.336428332741277925e-01
-1.312572268663477204e-01
-2.664008086267125042e-01
-2.476894343180796598e-01
-1.330593059204464579e-01
3.906975307039850520e-02
1.318805149441522051e-01
1.618259219890753609e-01
4.035793151140850132e-01
8.999675305138636894e-01
1.536117199395051314e+00
1.937659978505724689e+00
1.851850344021717332e+00
1.387073321142439308e+00
3.851813736446036418e-01
-8.135535392639956509e-01
-1.713632976770875338e+00
-2.007595855833315568e+00
-1.484215397647260737e+00
-7.465480612138799543e-01
-1.642556976314213379e-03
7.490487052947978341e-01
1.403130603721938208e+00
1.536761558366756653e+00
1.273687695439223333e+00
9.272943626392183836e-01
6.035469486267541761e-01
1.609749544113042719e-02
-8.031846848068839861e-01
-1.783966667462770106e+00
-2.701897955536967544e+00
-3.501878628157026441e+00
-3.985794644103290096e+00
-3.739181950638245766e+00
-2.771385520684847670e+00
-1.366212892257036460e+00
-2.583619388470919653e-01
2.903465410514739498e-01
3.134492495986073157e-01
-2.256648696951565336e-01
-1.084005249492390188e+00
-1.594205171119292164e+00
-1.815759270483553678e+00
-2.186739448412682307e+00
-2.452472941314641997e+00
-2.384410130411888318e+00
-2.225102021531155216e+00
-2.143760911092061239e+00
-2.244402891897883556e+00
-2.315518949431117246e+00
-2.349670293541333610e+00
-2.332845122399934912e+00
-1.977628262408759774e+00
-1.332919086541047404e+00
-7.344541869552034807e-01
-4.690947102778277311e-01
-4.052777828528248971e-01
-5.165775686624304308e-01
-6.106336543563811725e-01
-7.812196142681284705e-01
-8.503687291357215905e-01
